4294967279,285
4294967278,331
4294967294,999
4294967294,104
4294967294,106
4294967294,169
4294967294,170
4294967279,180
4294967279,93
4294967278,345
4294967279,329
4294967278,329
4294967279,177
4294967279,110
4294967279,109
4294967279,108
4294967279,107
4294967279,106
4294967279,105
4294967279,104
4294967279,103
4294967279,102
4294967279,101
4294967279,99
4294967279,328
4294967278,327
4294967279,175
4294967278,172
30,4
4294967278,171
30,5
4294967278,174
4294967278,260
4294967278,21
4294967278,20
4294967278,19
4294967278,18
4294967278,17
4294967278,16
4294967278,15
4294967278,14
4294967278,13
4294967278,12
4294967278,11
4294967278,10
4294967278,9
4294967278,8
4294967278,7
4294967278,6
4294967278,5
4294967278,4
4294967279,132
4294967279,131
4294967279,130
4294967279,129
4294967279,128
4294967279,127
4294967279,126
4294967279,125
4294967279,124
4294967279,123
4294967279,122
4294967279,121
4294967279,120
4294967279,119
4294967279,118
4294967279,117
4294967279,116
4294967279,115
4294967279,114
4294967279,113
4294967279,112
4294967279,111
4294967279,371
4294967278,323
4294967278,322
4294967294,1021
4294967279,321
4294967278,165
4294967278,317
4294967279,166
4294967278,164
4294967278,163
4294967279,164
4294967278,159
4294967278,162
44,7
4294967279,163
44,6
4294967278,161
44,5
4294967279,162
44,4
4294967278,160
44,3
44,2
44,1
4294967279,161
4294967278,157
4294967279,155
4294967279,158
4294967279,156
4294967279,313
4294967278,155
4294967278,307
4294967279,312
4294967279,322
4294967278,306
4294967279,151
4294967278,150
4294967279,150
4294967278,149
4294967279,149
4294967278,148
4294967278,146
42,7
42,6
42,5
4294967279,145
42,4
4294967278,144
42,2
42,1
4294967278,290
4294967278,45
4294967278,42
4294967278,40
4294967278,39
4294967278,38
4294967278,37
4294967278,36
4294967278,35
4294967278,33
4294967278,32
4294967278,31
4294967278,30
4294967278,27
4294967278,25
4294967278,24
4294967278,23
4294967278,22
4294967279,311
4294967278,29
4294967278,288
4294967279,292
4294967278,28
4294967278,305
4294967279,291
4294967279,139
4294967278,26
4294967278,138
4294967278,286
4294967279,279
4294967278,276
4294967279,137
4294967279,136
4294967279,135
41,7
41,6
4294967279,133
41,5
41,4
4294967279,306
41,2
41,1
4294967279,288
4294967278,272
4294967294,388
4294967294,389
4294967294,120
4294967278,283
4294967279,286
4294967278,282
4294967278,267
4294967279,301
4294967278,266
4294967279,269
4294967278,265
4294967279,283
4294967279,268
4294967278,281
4294967279,266
4294967279,265
40,6
40,5
4294967279,264
40,4
40,3
40,2
40,1
4294967278,384
4294967278,279
4294967279,282
4294967278,368
4294967279,281
4294967278,319
4294967279,383
4294967294,38
4294967294,37
4294967294,36
4294967294,39
4294967278,383
4294967278,366
4294967279,382
4294967278,382
4294967279,368
4294967279,367
4294967278,363
4294967278,359
4294967279,365
39,6
4294967278,361
39,5
39,4
4294967278,360
39,2
39,1
4294967278,381
4294967278,44
4294967278,43
4294967278,41
4294967278,34
4294967279,381
4294967278,380
4294967278,250
4294967279,252
4294967278,379
4294967278,251
38,0
38,7
4294967279,363
4294967278,248
4294967279,244
4294967278,246
4294967278,247
4294967279,247
4294967278,244
38,6
4294967279,242
4294967278,237
4294967294,395
4294967294,396
4294967294,409
4294967294,399
4294967294,421
4294967294,1177
4294967294,385
4294967294,178
4294967294,407
4294967294,1178
4294967294,1180
4294967294,167
4294967294,183
4294967294,398
4294967294,406
4294967294,420
4294967294,454
4294967294,453
4294967294,184
4294967294,118
4294967294,467
4294967294,386
4294967294,116
4294967279,240
4294967278,239
38,5
4294967278,378
4294967279,361
4294967294,186
4294967278,234
4294967294,440
4294967294,392
4294967294,114
4294967294,115
4294967294,2
4294967278,233
4294967279,233
4294967279,231
37,0
37,6
4294967278,229
4294967294,1002
4294967294,425
4294967294,1020
4294967278,222
4294967294,89
4294967294,163
4294967294,1012
4294967294,1093
4294967294,1095
4294967294,190
4294967294,1019
4294967279,226
4294967279,227
4294967278,225
37,5
4294967278,221
4294967278,218
4294967279,219
4294967278,217
4294967278,214
4294967278,47
4294967278,46
4294967278,49
4294967278,48
4294967279,64
4294967279,62
4294967279,59
4294967279,57
4294967279,56
4294967279,55
4294967279,54
4294967279,53
4294967279,52
4294967279,48
4294967279,47
4294967279,46
4294967279,45
4294967279,42
4294967279,40
4294967279,39
4294967279,38
4294967279,37
4294967279,35
4294967279,32
4294967279,30
4294967279,29
4294967279,27
4294967279,25
4294967279,24
4294967279,22
4294967279,20
4294967279,19
4294967279,18
4294967279,17
4294967279,14
4294967279,11
4294967279,9
4294967279,360
4294967278,356
4294967278,355
4294967279,380
4294967278,209
4294967279,12
4294967279,10
4294967279,358
